# bode_plot v2 2026-07-22 11:11:35
# element=0 inject=replace output=raw amplitude=0.3 amplitude2=0.15
# n_freqs=60 cycles=49 (7 segments x 7 cycles) n_settle=400+2cyc
# fs_nominal=3788 fs_measured=3788.25
# fit K(<=30Hz)=0.4569 +/- 0.0048  tau_meas_ms=1.0996  loop_frames=5.166 (tau*fs_meas + 1 hidden frame)  ph_resid_deg=2.48  mag_flat_rms=0.095
# note: phase EXCLUDES one frame (correlator references phi[n-1]); loop_frames above already adds it back
# config y/tip open-loop plant, coarse bias 2.0/2.0 (beam realigned, matches steering_tuned.json operating point), 32x32 exp250 gain100 bw100, beam-centred ROI via start_x/start_y, tracked 20x20 thr22. Re-bode at the new bias to refresh Ky/tau. Beam now centred so the 07-21 y-clipping (beam parked row 23/32) should be gone; K uses <=30 Hz, tau uses full 5-300 Hz slope.
# freq_Hz mag phase_rad mag_sem phase_sem_rad quality mag2 phase2_rad
5 0.442412 -0.0309141 0.0032831 0.00464221 0.999937 0.560834 -0.0238532
5.09 0.417029 -0.0279277 0.00910998 0.00513149 0.999922 0.540821 -0.0205961
5.09 0.430035 -0.0296748 0.00444059 0.00180476 0.99999 0.554095 -0.0278503
6.59 0.430659 -0.036163 0.00988031 0.00480328 0.999931 0.550191 -0.0201624
6.59968 0.438229 -0.0376793 0.00770719 0.00493989 0.999924 0.531072 -0.0337302
7.07393 0.458399 -0.0371096 0.00206687 0.00335366 0.999967 0.515512 -0.0353404
7.58226 0.477112 -0.0307468 0.00582369 0.0049941 0.999924 0.47178 -0.0362822
8.12713 0.471502 -0.0362038 0.00304658 0.00159483 0.999992 0.42713 -0.0327531
8.71115 0.43778 -0.0430313 0.00524624 0.00489066 0.999931 0.453758 -0.0485197
8.98 0.455533 -0.0398625 0.00986223 0.00566023 0.999901 0.477101 -0.0267565
10.48 0.47935 -0.0602736 0.0109281 0.00784241 0.999823 0.4582 -0.0264119
10.7273 0.467655 -0.0448396 0.00639918 0.00889438 0.999765 0.462268 -0.0617175
11.31 0.427451 -0.0718219 0.00951039 0.00976516 0.999716 0.484663 -0.0275334
12.81 0.441652 -0.0529414 0.00648386 0.0104 0.999668 0.49354 -0.0454881
13.21 0.446276 -0.0585753 0.00251594 0.0089963 0.999757 0.506273 -0.0410802
14.1593 0.452483 -0.0503207 0.00540262 0.00485663 0.999931 0.526228 -0.0631665
15.1768 0.434944 -0.0658292 0.00755701 0.00739611 0.99984 0.530326 -0.0567972
16.2674 0.442723 -0.0657923 0.00547148 0.00908384 0.999751 0.494571 -0.073455
16.75 0.451055 -0.0754227 0.00494167 0.00572007 0.999906 0.494023 -0.0769056
18.67 0.473589 -0.079025 0.00617531 0.0174433 0.999089 0.463469 -0.0721299
20.17 0.46239 -0.11914 0.0121531 0.020103 0.99872 0.49398 -0.0948273
22.01 0.498253 -0.119288 0.0132283 0.0303711 0.997264 0.507008 -0.110157
23.0149 0.479499 -0.0946783 0.00703263 0.0170779 0.999101 0.477272 -0.0957859
24.6688 0.514086 -0.124068 0.00589866 0.00783911 0.999815 0.441351 -0.115931
26.4415 0.488145 -0.136249 0.00453984 0.0109771 0.99964 0.502309 -0.154677
28.88 0.485578 -0.173319 0.00613717 0.00775746 0.999812 0.450752 -0.164414
30.38 0.483568 -0.134941 0.00741183 0.0166669 0.999176 0.456106 -0.140544
32.5612 0.472376 -0.155882 0.00603908 0.00765496 0.999826 0.448957 -0.156354
34.78 0.473237 -0.170498 0.00534617 0.00464916 0.999932 0.428925 -0.171711
37.409 0.476847 -0.179448 0.00394183 0.00763479 0.999824 0.47251 -0.185163
40.0973 0.462121 -0.208185 0.00465684 0.00440193 0.999956 0.428491 -0.21922
42.9787 0.45493 -0.217477 0.0100896 0.00446888 0.999945 0.445567 -0.208137
46.0671 0.445342 -0.244356 0.00210114 0.00723826 0.999836 0.459747 -0.241865
49.3775 0.439263 -0.263666 0.00810948 0.0108332 0.999666 0.475829 -0.262345
52.9258 0.44692 -0.280932 0.00894264 0.0173968 0.999082 0.4871 -0.272316
56.729 0.491509 -0.32932 0.0166172 0.0307465 0.997204 0.505483 -0.337523
60.8056 0.473716 -0.36133 0.0100186 0.035524 0.996187 0.48921 -0.383415
65.1751 0.475789 -0.369052 0.00499283 0.0071943 0.999844 0.52212 -0.368948
69.8586 0.479697 -0.397684 0.00584028 0.0058869 0.9999 0.581008 -0.412691
74.8787 0.495489 -0.454106 0.00759135 0.011846 0.999533 0.561269 -0.461136
80.2595 0.514311 -0.483754 0.00537417 0.00661142 0.999886 0.523063 -0.488903
86.0269 0.535501 -0.527258 0.00696039 0.00880797 0.999753 0.535966 -0.517651
92.2088 0.53508 -0.574563 0.00639084 0.00713932 0.999846 0.517948 -0.579812
98.835 0.532956 -0.612975 0.00777996 0.00710565 0.999906 0.533678 -0.610489
105.937 0.526559 -0.664989 0.00412884 0.0115736 0.999594 0.559353 -0.663992
113.55 0.516176 -0.728307 0.00916566 0.0183077 0.998963 0.510849 -0.748664
121.71 0.531735 -0.799193 0.00379367 0.01737 0.999094 0.466455 -0.815385
130.456 0.534849 -0.871466 0.00439431 0.0122336 0.999522 0.449954 -0.872013
139.83 0.539568 -0.929485 0.00402264 0.00615909 0.999862 0.460266 -0.925301
149.879 0.538031 -1.01587 0.0115756 0.0149297 0.999396 0.473368 -1.02648
160.649 0.537893 -1.08375 0.00498755 0.0048092 0.999906 0.454274 -1.08681
172.193 0.539029 -1.1523 0.00508418 0.00217357 0.999986 0.472809 -1.12612
184.567 0.547544 -1.24192 0.00790445 0.00474711 1.00003 0.472547 -1.25224
197.83 0.533617 -1.35781 0.00898421 0.00505583 0.99987 0.470076 -1.36242
212.046 0.505714 -1.4842 0.01868 0.0309944 0.997732 0.473571 -1.46059
227.284 0.521159 -1.58452 0.0160184 0.00572274 0.999656 0.47668 -1.57274
243.617 0.506415 -1.77537 0.00819996 0.0164163 0.999296 0.495768 -1.75784
261.123 0.480837 -1.84137 0.0181608 0.00574091 1.0003 0.493092 -1.81097
279.887 0.452156 -2.01552 0.00878861 0.00973952 0.999808 0.485007 -1.97883
300 0.43 -1.86972 0.0112256 0.0221754 0.998797 0.480597 -1.83776
