# bode_plot v2 2026-07-17 14:47:57
# element=1 inject=replace output=raw amplitude=0.2 amplitude2=0.1
# n_freqs=60 cycles=49 (7 segments x 7 cycles) n_settle=400+2cyc
# fs_nominal=3788 fs_measured=3776.64
# fit K(<=30Hz)=0.9024 +/- 0.0025  tau_meas_ms=1.1521  loop_frames=5.351 (tau*fs_meas + 1 hidden frame)  ph_resid_deg=10.32  mag_flat_rms=0.071
# note: phase EXCLUDES one frame (correlator references phi[n-1]); loop_frames above already adds it back
# config x/tilt open-loop plant, coarse bias 1.98/1.97 (matches attenuation_fsp.json / steering_fsp.json operating point 2026-07-17), 32x32 exp50 gain100, tracked 20x20 thr22
# freq_Hz mag phase_rad mag_sem phase_sem_rad quality mag2 phase2_rad
4.89 0.903872 -0.0258602 0.00178456 0.00236361 0.999983 0.904332 -0.0251851
4.89 0.902328 -0.0287662 0.000674596 0.00275569 0.999977 0.903406 -0.0256255
6.39 0.90106 -0.0319757 0.00284678 0.00370933 0.999959 0.901808 -0.0300133
6.39 0.90125 -0.0328825 0.00275392 0.00294337 0.999974 0.90358 -0.0329543
6.59968 0.901584 -0.0329746 0.0016521 0.00234958 0.999984 0.902132 -0.0322857
7.07393 0.896368 -0.0384125 0.00224279 0.00227431 0.999985 0.900926 -0.0393336
7.58226 0.899474 -0.0344061 0.00148637 0.00477277 0.999932 1.07449 -0.250744
8.12713 0.901814 -0.0382509 0.00223502 0.00489534 0.999928 0.898083 -0.0436492
8.71115 0.905755 -0.0422017 0.0107806 0.0168374 0.999157 0.89637 -0.0432382
8.84 0.904842 -0.0368551 0.0135226 0.0209776 0.998689 0.94003 -0.461251
10.34 0.917621 -0.0388083 0.0167107 0.0123647 0.999567 0.896783 -0.0667223
10.55 0.911919 -0.0342947 0.0131686 0.00701329 0.999853 0.900472 -0.017651
11.66 0.899691 -0.0402341 0.0183271 0.0263636 0.99796 0.893185 -0.062022
11.66 0.897359 -0.0798479 0.0189077 0.0224423 0.998463 0.892616 -0.0384921
13.21 0.906057 -0.0559568 0.00858624 0.013712 0.999442 0.905265 -0.0914504
14.1593 0.898085 -0.0695974 0.00583119 0.00634225 0.999881 0.923 -0.0706418
15.1768 0.915627 -0.0792523 0.00841651 0.00467198 0.999933 0.914469 -0.0724858
16.2674 0.911213 -0.0717884 0.00221355 0.00632097 0.99988 0.913921 -0.0782948
17.4364 0.912334 -0.0977282 0.011277 0.0103 0.999679 0.889544 -0.0715561
18.6894 0.910158 -0.0907867 0.0133511 0.0120555 0.999553 0.908876 -0.101187
20.0324 0.927265 -0.0919108 0.0177109 0.0359566 0.996153 0.911804 -0.184783
22.18 0.950346 -0.157625 0.0495951 0.0639892 0.986662 0.906716 -0.0379012
23.0149 0.906272 -0.0845408 0.0304747 0.0327759 0.996871 0.97647 -0.0834609
24.15 0.914962 -0.1029 0.010005 0.0142575 0.999387 0.916248 -0.0968896
26.4415 0.922289 -0.134853 0.00802651 0.00619617 0.999878 0.931453 -0.109731
28.3416 0.92679 -0.148635 0.00979506 0.0049031 0.999929 0.938685 -0.135605
30.3782 0.93566 -0.1579 0.00634755 0.006713 0.999865 0.939659 -0.138202
32.5612 0.931912 -0.16724 0.00850326 0.00868086 0.999769 0.941651 -0.174443
34.78 0.941126 -0.179196 0.00584052 0.00785211 0.99982 0.953934 -0.188359
37.409 0.943191 -0.193087 0.00255927 0.00570736 0.999902 0.952526 -0.194415
40.0973 0.947408 -0.221352 0.00530351 0.00455942 0.999937 0.958113 -0.237248
42.9787 0.959675 -0.237955 0.00958562 0.00285707 0.999971 0.966123 -0.235895
46.0671 0.963071 -0.259043 0.00620037 0.00686161 0.999847 0.95939 -0.273482
49.3775 0.970328 -0.285153 0.00659594 0.0043396 0.999949 0.976545 -0.276446
52.9258 0.980988 -0.310123 0.0101548 0.00687483 0.999857 0.975043 -0.302835
56.729 0.97143 -0.326493 0.0167975 0.0157558 0.999261 0.980965 -0.341841
60.8056 0.992825 -0.357164 0.0149833 0.0146771 0.999358 0.994773 -0.372238
65.1751 0.956723 0.938348 0.449301 0.440013 0.569716 0.995587 -0.394357
69.8586 0.989384 -0.437423 0.00439325 0.00192103 0.999987 0.995058 -0.433671
74.8787 0.985595 -0.464859 0.00727094 0.00547068 0.999904 1.01661 -0.406446
80.2595 1.01756 -0.523468 0.0122591 0.0125347 0.999539 1.02878 -0.472268
86.0269 0.988771 -0.572049 0.00655694 0.0106758 0.999658 1.0228 -0.538865
92.2088 1.00475 -0.611861 0.00964417 0.00368496 0.999986 1.01287 -0.611244
98.835 1.0019 -0.647683 0.00663403 0.00823821 0.999815 1.01665 -0.648213
105.937 1.03322 -0.705827 0.0065701 0.00540999 0.999935 1.02218 -0.695292
113.55 1.03131 -0.771907 0.00535299 0.00863098 0.999762 1.03358 -0.778311
121.71 1.03296 -0.810759 0.00783705 0.0137625 0.999444 1.03124 -0.822663
130.456 1.0321 -0.941346 0.00687026 0.00771133 0.999847 1.03813 -0.923149
139.83 1.03481 -0.982556 0.00413834 0.0038548 0.999955 1.03088 -0.984619
149.879 1.01281 -1.08418 0.00722659 0.00595413 0.999863 1.00436 -1.0754
160.649 1.00723 -1.15977 0.00169084 0.0047668 0.999925 0.995003 -1.17031
172.193 0.969692 -1.28894 0.012371 0.018458 0.999 0.984597 -1.25259
184.567 0.989284 -1.29573 0.00642887 0.00525935 0.999942 0.996798 -1.30745
197.83 0.995702 -1.40705 0.0036455 0.011469 0.999593 0.97729 -1.43627
212.046 0.966091 -1.54075 0.0252086 0.0197899 0.998798 0.995451 -1.50055
227.284 0.974277 -1.64388 0.00286646 0.00536459 0.999888 0.979027 -1.63661
243.617 0.970468 -1.75657 0.00175165 0.00624629 0.999883 0.940729 -1.79261
261.123 0.896887 -1.91204 0.0446958 0.0293278 0.99788 0.965953 -1.92864
279.887 0.933899 -2.02425 0.00467139 0.00471385 0.999972 0.936906 -2.08753
300 0.921565 -2.17807 0.00778906 0.00871855 0.999877 0.887992 -2.27322
