# bode_plot v2 2026-07-17 14:55:39
# element=0 inject=replace output=raw amplitude=0.15 amplitude2=0.075
# n_freqs=60 cycles=49 (7 segments x 7 cycles) n_settle=400+2cyc
# fs_nominal=3788 fs_measured=3756.92
# fit K(<=30Hz)=0.6208 +/- 0.0042  tau_meas_ms=1.1354  loop_frames=5.266 (tau*fs_meas + 1 hidden frame)  ph_resid_deg=3.54  mag_flat_rms=0.080
# note: phase EXCLUDES one frame (correlator references phi[n-1]); loop_frames above already adds it back
# config y/tip open-loop plant, coarse bias 1.98/1.97 (matches attenuation_fsp.json / steering_fsp.json operating point 2026-07-17), 32x32 exp50 gain100, tracked 20x20 thr22
# freq_Hz mag phase_rad mag_sem phase_sem_rad quality mag2 phase2_rad
4.89 0.618279 -0.0274711 0.00235847 0.00327543 0.999968 0.618167 -0.0338586
4.89 0.620789 -0.0257314 0.00232157 0.00293317 0.999974 0.621294 -0.0292703
6.39 0.61932 -0.0326995 0.00202121 0.00185433 0.999989 0.406715 0.0386011
6.39 0.667429 -0.330397 0.0838832 0.142725 0.938174 0.622627 -0.0330822
6.59968 0.619986 -0.0336586 0.00291722 0.00280075 0.999977 0.620872 -0.0335929
7.07393 0.619027 -0.0361817 0.00320734 0.00152159 0.999993 0.805657 -0.0906374
7.58226 0.619906 -0.039885 0.00316315 0.0062103 0.999884 0.62029 -0.048966
8.12713 0.619354 -0.0397868 0.00328011 0.00581641 0.999897 0.619917 -0.0593676
8.71115 0.618454 -0.0485509 0.00406069 0.0113774 0.999611 0.617071 -0.0429396
8.84 0.621527 -0.0402005 0.00267131 0.0152935 0.999296 0.623623 -0.0765947
10.34 0.500688 -0.238133 0.0433006 0.225036 0.838785 0.615424 -0.0565932
10.55 0.600816 -0.0199937 0.0179545 0.0236743 0.998316 0.661844 -0.0368493
11.66 0.636892 -0.0578734 0.0105742 0.0155495 0.999284 0.59028 -0.00977287
11.66 0.61429 -0.0411933 0.013089 0.0165042 0.99919 0.649503 -0.0892907
13.21 0.624083 -0.0748344 0.0118077 0.0119665 0.999573 0.634288 -0.0869415
14.1593 0.622506 -0.0663292 0.00830919 0.00724877 0.999852 0.627231 -0.0875178
15.1768 0.625126 -0.0755636 0.00314451 0.00874273 0.99977 0.619152 -0.0973891
16.2674 0.62413 -0.0758574 0.00474863 0.00687886 0.999858 0.62265 -0.0940847
17.4364 0.627575 -0.0887047 0.00681635 0.00899861 0.999753 0.636935 -0.102867
18.6894 0.627544 -0.0870555 0.00462725 0.0109844 0.999644 0.63363 -0.127438
20.0324 0.626637 -0.0999606 0.0231764 0.0371044 0.995957 0.641668 -0.150336
22.18 0.491092 -0.10098 0.0625138 0.434488 0.806543 0.602717 -0.0941357
23.0149 0.654746 -0.070782 0.0225429 0.033311 0.99669 0.627669 -0.155352
24.63 0.632622 -0.119679 0.0161176 0.0180516 0.999018 0.66096 -0.15701
26.4415 0.640287 -0.129498 0.0201796 0.0314103 0.997233 0.635194 -0.184731
28.3416 0.643606 -0.153765 0.0131933 0.0241868 0.998228 0.583326 0.00799488
30.3782 0.651436 -0.142713 0.0282343 0.0453991 0.993806 0.646226 -0.169478
32.5612 0.643682 -0.174672 0.00753902 0.0149706 0.999326 0.652533 -0.23181
34.78 0.645496 -0.177051 0.00486529 0.010506 0.999676 0.638928 -0.223651
37.409 0.64862 -0.196561 0.00522906 0.0119526 0.999565 0.656988 -0.262388
40.0973 0.65494 -0.217429 0.00375565 0.00621901 0.999886 0.644195 -0.300995
42.9787 0.655116 -0.230177 0.00346708 0.00452808 0.999938 0.654125 -0.308477
46.0671 0.657278 -0.261477 0.0047678 0.00927654 0.999743 0.33515 1.66812
49.3775 0.659463 -0.281866 0.00318895 0.00597913 0.999894 0.661883 -0.259915
52.9258 0.667559 -0.308349 0.00702905 0.0137026 0.999441 0.652463 -0.311064
56.729 0.668677 -0.311679 0.0213678 0.0306389 0.997245 0.674577 -0.332677
60.8056 0.678637 -0.355289 0.0134917 0.0263509 0.997907 0.677793 -0.322537
65.1751 0.680002 -0.391063 0.004766 0.0085262 0.999775 0.671635 -0.375632
69.8586 0.680315 -0.435416 0.00316535 0.00810817 0.999793 0.675737 -0.43803
74.8787 0.685609 -0.479061 0.00483279 0.00818507 0.999798 0.690491 -0.472601
80.2595 0.68188 -0.509411 0.00680251 0.00609257 0.999916 0.681091 -0.485133
86.0269 0.680496 -0.567024 0.010489 0.00817223 0.99975 0.690145 -0.534094
92.2088 0.692441 -0.603845 0.0057777 0.00845323 0.99979 0.684323 -0.605506
98.835 0.689911 -0.625213 0.00518985 0.0100916 0.999722 0.68338 -0.661568
105.937 0.689096 -0.709466 0.0082178 0.0186205 0.99899 0.696025 -0.675463
113.55 0.700593 -0.785189 0.00333639 0.0112672 0.999632 0.707348 -0.784777
121.71 0.70889 -0.83463 0.00435874 0.00633765 0.999881 0.704123 -0.810164
130.456 0.694964 -0.914784 0.0027612 0.00844681 0.999775 0.686778 -0.915106
139.83 0.679218 -0.959928 0.0103476 0.0164747 0.999186 0.679788 -0.949938
149.879 0.705804 -1.02839 0.00339222 0.0024105 0.999963 0.697172 -1.02989
160.649 0.689577 -1.14906 0.00769848 0.0200188 0.998851 0.696035 -1.10576
172.193 0.701241 -1.2058 0.00470518 0.00683957 0.999828 0.701511 -1.19024
184.567 0.695133 -1.28547 0.00334048 0.010242 0.999717 0.675235 -1.30559
197.83 0.695949 -1.40922 0.00244894 0.00525974 0.999904 0.692916 -1.39511
212.046 0.684763 -1.52248 0.00548392 0.0123006 0.999606 0.691834 -1.5113
227.284 0.681322 -1.64708 0.00305447 0.00933093 0.999709 0.656992 -1.73848
243.617 0.651583 -1.76804 0.00253392 0.00945301 0.99975 0.658663 -1.7861
261.123 0.648155 -1.93409 0.00484207 0.0120223 0.999631 0.651125 -1.9059
279.887 0.595072 -2.06514 0.00505144 0.00811883 0.999914 0.575955 -2.07459
300 0.631481 -2.26001 0.0303596 0.0274247 0.998183 0.669756 -2.13658
