# bode_plot v2 2026-07-21 09:51:18
# element=0 inject=replace output=raw amplitude=0.3 amplitude2=0.15
# n_freqs=60 cycles=49 (7 segments x 7 cycles) n_settle=400+2cyc
# fs_nominal=3788 fs_measured=3784.34
# fit K(<=30Hz)=0.3500 +/- 0.0031  tau_meas_ms=1.1741  loop_frames=5.443 (tau*fs_meas + 1 hidden frame)  ph_resid_deg=2.57  mag_flat_rms=0.047
# note: phase EXCLUDES one frame (correlator references phi[n-1]); loop_frames above already adds it back
# config y/tip open-loop plant, coarse bias 1.5/2.15 (new alignment 2026-07-21, matches steering_tuned.json operating point), 32x32 exp250 gain100 bw100, tracked 20x20 thr22. Re-bode at the new bias to refresh Ky/tau for the loop retune.
# freq_Hz mag phase_rad mag_sem phase_sem_rad quality mag2 phase2_rad
4.89 0.356838 -0.0326842 0.00175099 0.00404367 0.999951 0.331186 -0.0253139
4.89 0.366773 -0.0192227 0.0033325 0.00453562 0.999939 0.322712 -0.0286878
6.39 0.35711 -0.0284168 0.00248721 0.00587858 0.999897 0.320807 -0.0298343
6.39 0.34956 -0.0322452 0.0018467 0.00232635 0.999984 0.326092 -0.0383268
6.59968 0.143771 0.239431 0.126618 0.417046 0.377623 0.320569 -0.0409119
7.07393 0.354446 -0.0329227 0.00232338 0.00307041 0.99997 0.331739 -0.0228428
7.58226 0.354517 -0.0383948 0.00149782 0.0053022 0.999917 0.323625 -0.0531606
8.12713 0.347936 -0.0378342 0.00363493 0.0122685 0.999546 0.320525 -0.0496435
8.71115 0.351318 -0.0461936 0.00308866 0.0132619 0.999479 0.326043 -0.0627645
8.84 0.335087 -0.100616 0.00543657 0.0107271 0.999653 0.297706 -0.0553971
10.34 0.344284 -0.0565448 0.0102035 0.0093917 0.999708 0.315746 -0.0623261
10.55 0.335989 -0.0638482 0.00384552 0.0200948 0.998775 0.308408 -0.0161419
11.66 0.332436 -0.0531858 0.00457702 0.0186453 0.99895 0.294398 -0.0474743
11.66 0.337074 -0.0671734 0.00662281 0.0254038 0.998043 0.299331 -0.0299879
13.21 0.337034 -0.0634931 0.00226988 0.00751322 0.999828 0.302709 -0.0610099
14.1593 0.3474 -0.0649092 0.00321445 0.00854366 0.999782 0.31374 -0.068766
15.1768 0.343464 -0.0707453 0.00483863 0.00645897 0.999877 0.311242 -0.0752334
16.2674 0.34157 -0.080403 0.00298249 0.0113941 0.999614 0.309648 -0.0804246
17.4364 0.341485 -0.0860375 0.00292335 0.0138309 0.999431 0.318237 -0.0946313
18.6894 0.347506 -0.0847461 0.0101655 0.0258049 0.997993 0.318784 -0.0949091
20.0324 0.359995 -0.0780166 0.0102875 0.0300825 0.99733 0.339322 -0.148062
22.18 0.348373 -0.0967207 0.0149376 0.0415617 0.994743 0.329916 -0.11848
23.0149 0.368429 -0.105481 0.00802156 0.0283552 0.997603 0.317505 -0.149985
24.63 0.336484 -0.141177 0.00835984 0.0405807 0.995453 0.302976 -0.0608567
26.4415 0.345626 -0.134205 0.00555602 0.0129095 0.999511 0.32048 -0.153832
28.3416 0.349488 -0.130084 0.00562157 0.0101445 0.999678 0.330077 -0.182651
30.3782 0.346311 -0.159185 0.00207437 0.0150815 0.999319 0.328968 -0.152243
32.5612 0.352879 -0.172133 0.00422811 0.0102372 0.999695 0.320328 -0.183025
34.78 0.347479 -0.19472 0.00306797 0.00798954 0.999813 0.32424 -0.178076
37.409 0.353667 -0.199738 0.00314629 0.00829714 0.999792 0.320966 -0.190249
40.0973 0.356381 -0.236385 0.00415437 0.0134624 0.999482 0.325205 -0.230088
42.9787 0.362154 -0.236106 0.00359281 0.0131771 0.999474 0.317772 -0.270264
46.0671 0.358843 -0.260719 0.00297917 0.00301999 0.99996 0.319725 -0.24321
49.3775 0.364904 -0.290138 0.00358388 0.00572324 0.999908 0.31751 -0.287549
52.9258 0.351576 -0.323656 0.00491431 0.00711891 0.999843 0.319931 -0.324978
56.729 0.360067 -0.354138 0.00730855 0.0195303 0.998795 0.322287 -0.338267
60.8056 0.366366 -0.381655 0.00543043 0.0152909 0.999281 0.310668 -0.382252
65.1751 0.364498 -0.417944 0.00422 0.0121193 0.999555 0.318666 -0.423179
69.8586 0.36713 -0.457455 0.00528053 0.00544916 0.999949 0.327688 -0.438041
74.8787 0.367086 -0.500242 0.00419275 0.0101334 0.999654 0.318024 -0.487049
80.2595 0.372313 -0.518567 0.00521524 0.00858192 0.999811 0.317753 -0.490379
86.0269 0.367291 -0.563438 0.00420204 0.00964836 0.999746 0.326954 -0.552066
92.2088 0.377273 -0.619578 0.00279665 0.00856337 0.999776 0.330715 -0.632458
98.835 0.371576 -0.670836 0.00892854 0.0142374 0.999485 0.347407 -0.654264
105.937 0.367928 -0.723175 0.00442279 0.0204711 0.998758 0.342616 -0.721949
113.55 0.366423 -0.802613 0.00472467 0.0119804 0.999524 0.335688 -0.807812
121.71 0.361184 -0.890615 0.0056394 0.0229042 0.998405 0.331428 -0.873267
130.456 0.372448 -0.919285 0.00538228 0.0143796 0.999367 0.325638 -0.946736
139.83 0.365493 -0.990732 0.0063623 0.018824 0.998876 0.338391 -1.00491
149.879 0.370915 -1.08082 0.00509011 0.00915062 0.999737 0.332675 -1.09937
160.649 0.370403 -1.12755 0.00876042 0.00520825 0.999824 0.332245 -1.17489
172.193 0.379466 -1.2594 0.00326549 0.00617192 0.999896 0.345761 -1.20734
184.567 0.377385 -1.34331 0.0142254 0.00512919 1.00014 0.345089 -1.34899
197.83 0.360355 -1.48176 0.00773775 0.027805 0.997666 0.252523 -1.22814
212.046 0.365319 -1.589 0.0130292 0.0153688 0.999405 0.32859 -1.51663
227.284 0.351202 -1.70672 0.0109785 0.00672668 0.999629 0.322294 -1.71821
243.617 0.32426 -1.8524 0.0133089 0.0436623 0.994976 0.324471 -1.83026
261.123 0.341094 -1.9417 0.00875529 0.0131845 0.999759 0.329558 -1.93429
279.887 0.312487 -2.17188 0.0146711 0.0207255 0.998828 0.304875 -2.12326
300 0.292581 -1.98024 0.0150343 0.0254173 0.99852 0.282388 -1.91533
