# bode_plot v2 2026-07-21 16:15:02
# element=0 inject=replace output=raw amplitude=0.3 amplitude2=0.15
# n_freqs=60 cycles=49 (7 segments x 7 cycles) n_settle=400+2cyc
# fs_nominal=3788 fs_measured=3778.29
# fit K(<=30Hz)=0.6793 +/- 0.0031  tau_meas_ms=0.9063  loop_frames=4.424 (tau*fs_meas + 1 hidden frame)  ph_resid_deg=0.70  mag_flat_rms=0.014
# note: phase EXCLUDES one frame (correlator references phi[n-1]); loop_frames above already adds it back
# config y/tip open-loop plant, coarse bias 2.0/2.0 (beam realigned, matches steering_tuned.json operating point), 32x32 exp250 gain100 bw100, beam-centred ROI via start_x/start_y, tracked 20x20 thr22. Re-bode at the new bias to refresh Ky/tau. Beam now centred so the 07-21 y-clipping (beam parked row 23/32) should be gone; K uses <=30 Hz, tau uses full 5-300 Hz slope.
# freq_Hz mag phase_rad mag_sem phase_sem_rad quality mag2 phase2_rad
4.89 0.674711 -0.0321874 0.00250927 0.00590257 0.999896 0.680643 -0.0348543
4.89 0.674222 -0.0349177 0.00299906 0.00244432 0.999982 0.681204 -0.0398334
4.89 0.675888 -0.038813 0.00218408 0.00342595 0.999965 0.683115 -0.0371314
4.89 0.677974 -0.0405579 0.0018447 0.00178866 0.99999 0.681911 -0.0355825
6.39 0.67995 -0.0521266 0.00135331 0.00279415 0.999976 0.682074 -0.0509247
6.39 0.67684 -0.0524724 0.00232426 0.00487394 0.999929 0.68126 -0.0513266
6.39 0.676153 -0.0569712 0.0021874 0.00344729 0.999965 0.682888 -0.0411419
6.39 0.673134 -0.0537944 0.00335926 0.0111207 0.999631 0.678203 -0.0412036
6.39 0.680361 -0.0598391 0.00389823 0.0054543 0.999911 0.683412 -0.0428995
6.5716 0.677558 -0.057195 0.0029223 0.00217513 0.999985 0.676952 -0.0498868
6.77423 0.677546 -0.0552758 0.00159534 0.00362694 0.99996 0.678865 -0.0399748
6.98311 0.674594 -0.0598063 0.00206838 0.00347733 0.999963 0.679386 -0.0506799
7.19843 0.6786 -0.0585493 0.00181007 0.00279468 0.999976 0.68327 -0.0407562
7.4204 0.676043 -0.0599892 0.00156791 0.00284116 0.999976 0.684911 -0.0445193
7.6492 0.677901 -0.0606967 0.00126112 0.00184482 0.99999 0.689586 -0.0867434
7.88506 0.680537 -0.0670773 0.00201232 0.00451149 0.999938 0.678898 -0.0523884
8.12819 0.675634 -0.0626121 0.00395903 0.00695593 0.999854 0.68116 -0.050517
8.37882 0.681518 -0.0675267 0.00496879 0.00717586 0.999847 0.681814 -0.0359489
8.63718 0.668552 -0.0684728 0.006493 0.00717005 0.999848 0.681183 -0.044307
8.84 0.670432 -0.0876329 0.0109131 0.0101666 0.999704 0.648772 -0.00808282
8.84 0.672436 -0.0797947 0.00431841 0.0120419 0.999567 0.682046 -0.126918
8.84 0.683952 -0.0653532 0.00684124 0.014842 0.999351 0.675362 0.0259053
10.34 0.675995 -0.0806017 0.00476573 0.00646846 0.999874 0.68297 -0.0677879
10.34 0.678769 -0.0806138 0.0059303 0.00689776 0.999852 0.681832 -0.057084
10.3635 0.676084 -0.0929479 0.00442292 0.00523625 0.999918 0.679189 -0.0840169
10.55 0.681607 -0.0885983 0.00589236 0.00564842 0.999902 0.684514 -0.0546659
10.55 0.680852 -0.0861399 0.00374243 0.0046271 0.999934 0.677835 -0.0552379
11.66 0.687482 -0.074177 0.00572241 0.00633066 0.999882 0.687388 -0.0619503
11.66 0.686408 -0.0878568 0.00420665 0.00676623 0.999859 0.67632 -0.0692781
11.66 0.676685 -0.0987744 0.0043531 0.00744509 0.999832 0.684506 -0.0470556
13.16 0.68863 -0.148331 0.0124181 0.0335634 1.00257 0.678056 -0.0878824
13.16 0.682157 -0.0881121 0.00411566 0.00688414 0.999859 0.694526 -0.091359
13.2135 0.681709 -0.0819363 0.00450393 0.00817681 0.999797 0.680467 -0.0824915
13.6209 0.681023 -0.0878457 0.00279249 0.00554481 0.999908 0.683113 -0.0934124
14.0409 0.678616 -0.086246 0.00283013 0.0116317 0.999597 0.679248 -0.0816171
14.4739 0.684209 -0.0914491 0.00595633 0.0057392 0.999903 0.686477 -0.0997414
14.9202 0.686025 -0.0973213 0.00185628 0.00598168 0.999893 0.682641 -0.101926
15.3802 0.682236 -0.0954403 0.00575722 0.00574184 0.999905 0.684952 -0.0989138
15.8545 0.685738 -0.0996048 0.00434115 0.00848794 0.999779 0.679793 -0.106673
16.3434 0.681924 -0.100371 0.00361388 0.00779138 0.999818 0.693465 -0.0986653
16.8473 0.68783 -0.100895 0.00236936 0.00698203 0.999855 0.678892 -0.116681
17.3668 0.686819 -0.111655 0.00639443 0.0098366 0.999707 0.687624 -0.116717
17.9023 0.690219 -0.120346 0.0112637 0.0169824 0.999144 0.676718 -0.129008
18.4543 0.676792 -0.107204 0.0162985 0.0199347 0.99884 0.715063 -0.0976269
19.0233 0.689375 -0.127326 0.0126506 0.0266778 0.997855 0.680333 -0.12875
19.6099 0.662529 -0.143534 0.0187538 0.029533 0.997331 0.667321 -0.0569343
20.2146 0.700946 -0.132234 0.0250185 0.0361227 0.996109 0.681922 -0.103035
20.35 0.690334 -0.132703 0.0248944 0.0373799 0.995726 0.679183 -0.0825262
22.18 0.684649 -0.17238 0.0184811 0.0323848 0.99677 0.67422 -0.183861
22.18 0.705307 -0.114246 0.0183964 0.0369286 0.995875 0.727966 -0.229366
22.8255 0.706169 -0.162735 0.0193793 0.0348044 0.996466 0.668528 -0.174195
23.5293 0.677124 -0.146814 0.0113295 0.027112 0.99784 0.713166 -0.195793
24.2548 0.693167 -0.147698 0.0119437 0.00825543 0.9998 0.685218 -0.139633
24.63 0.699101 -0.162045 0.00499537 0.0149029 0.999339 0.697899 -0.192889
26.13 0.702468 -0.175695 0.00609457 0.0148225 0.999351 0.685056 -0.18196
26.5684 0.684316 -0.165183 0.00739653 0.0136081 0.999444 0.699665 -0.190936
27.3876 0.690085 -0.161825 0.00496137 0.013048 0.99948 0.689725 -0.180665
28.2321 0.696554 -0.164602 0.00479839 0.00937669 0.99973 0.712756 -0.174975
28.57 0.697457 -0.183032 0.0157131 0.00949915 0.999737 0.688253 -0.182202
30.35 0.698326 -0.196216 0.00537335 0.0133204 0.999465 0.698366 -0.197885
